(id, ra, dec, area, morph)
(67, 53.079512, -27.948759, 7142, 'spheroid')
(104, 53.084281, -27.946064, 5489, 'disk')
(340, 53.089261, -27.938041, 0, 'manual')
(456, 53.131784, -27.934718, 8826, 'spheroid')
(601, 53.113268, -27.932425, 6334, 'ps_compact')
(405, 53.146172, -27.925807, 82549, 'disk')
(756, 53.115976, -27.930192, 0, 'manual') 
(1209, 53.146206, -27.924517, 2811, 'irregular')
(1019, 53.116906, -27.924072, 8910, 'spheroid')
(1134, 53.114303, -27.922334, 8534, 'disk')
(1429, 53.150392, -27.91692, 5932, 'disk')
(1479, 53.164102, -27.918633, 0, 'manual')
(1565, 53.169832, -27.918152, 1565, 'manual')
(1599, 53.206936, -27.91505, 13993, 'ps_compact')
(1903, 53.095918, -27.914537, 2164, 'irregular')
(1618, 53.102184, -27.91192, 8634, 'disk')
(1656, 53.133139, -27.915933, 0, 'manual')
(2012, 53.187527, -27.910983, 6245, 'disk')
(2094, 53.095518, -27.909534, 7044, 'spheroid')
(2351, 53.136274, -27.906341, 5175, 'disk')
(2230, 53.210335, -27.905827, 9761, 'disk')
(2379, 53.214183, -27.905406, 7321, 'disk')
(2440, 53.18945, -27.904296, 7947, 'disk')
(2546, 53.193352, -27.903874, 7933, 'spheroid')
(2687, 53.227914, -27.903131, 5808, 'ps_compact')
(2841, 53.08037, -27.901699, 7732, 'spheroid')
(3279, 53.102978, -27.900345, 10129, 'ps_compact')
(2495, 53.227861, -27.900334, 28539, 'ps_compact')
(2424, 53.102865, -27.90004, 38596, 'ps_compact')
(2240, 53.22457, -27.898323, 17411, 'disk')
(2317, 53.241271, -27.897929, 25714, 'ps_compact')
(3195, 53.207302, -27.901090, 0, 'manual')
(3402, 53.160667, -27.897113, 5386, 'spheroid')
(3860, 53.105018, -27.893054, 5862, 'disk')
(4059, 53.080782, -27.892093, 5399, 'ps_compact')
(4210, 53.130699, -27.888663, 7470, 'spheroid')
(4497, 53.192544, -27.891405, 0, 'manual')
(4596, 53.138774, -27.888087, 5267, 'disk')
(4587, 53.200756, -27.882404, 9511, 'spheroid')
(4798, 53.188212, -27.888661, 0, 'manual')
(4878, 53.164514, -27.883788, 0, 'manual')
(5427, 53.169593, -27.885007, 0, 'manual')
(5783, 53.172669, -27.882663, 0, 'manual') 
(6006, 53.139799, -27.880611, 0, 'manual')
(6492, 53.27604, -27.87675, 5099, 'spheroid')
(6770, 53.116378, -27.876558, 5386, 'disk')
(7156, 53.1249, -27.87507, 5287, 'ps_compact')
(7236, 53.087480, -27.874394, 0, 'manual')
(7336, 53.08442, -27.872781, 5952, 'disk')
(7503, 53.080414, -27.872034, 5532, 'spheroid')
(7604, 53.094833, -27.873318, 0, 'manual') 
(7158, 53.276623, -27.871582, 8507, 'ps_compact')
(6203, 53.273658, -27.870648, 30028, 'spheroid')
(7207, 53.117265, -27.876261, 0, 'manual')
(7502, 53.272447, -27.87063, 13242, 'spheroid')
(7747, 53.109415, -27.872843, 0, 'manual')
(8375, 53.078126, -27.870149, 1940, 'irregular')
(8679, 53.271577, -27.870021, 3551, 'irregular')
(8000, 53.066757, -27.869967, 5513, 'ps_compact')
(8752, 53.265083, -27.869244, 2660, 'irregular')
(8285, 53.191423, -27.867633, 10224, 'ps_compact')
(8910, 53.117028, -27.867315, 6337, 'spheroid')
(8097, 53.173433, -27.865973, 9601, 'spheroid')
(9547, 53.101686, -27.865028, 0, 'manual')
(9633, 53.282912, -27.864027, 0, 'manual')
(9755, 53.165481, -27.86519, 3155, 'irregular')
(9704, 53.285681, -27.864101, 5422, 'spheroid')
(9080, 53.136971, -27.863373, 9427, 'ps_compact')
(9963, 53.272419, -27.863209, 12224, 'disk')
(9419, 53.257176, -27.862161, 11329, 'spheroid')
(8629, 53.183542, -27.86203, 14388, 'disk')
(10260, 53.18444, -27.861415, 5675, 'spheroid')
(8813, 53.125301, -27.861282, 13534, 'spheroid')
(9612, 53.250759, -27.861216, 21867, 'disk')
(10176, 53.11616, -27.861215, 6171, 'spheroid')
(9957, 53.261361, -27.861129, 5581, 'disk')
(11103, 53.291225, -27.858698, 3032, 'irregular')
(9961, 53.271375, -27.858338, 82357, 'ps_compact')
(9431, 53.231821, -27.857276, 22082, 'ps_compact')
(10110, 53.28665, -27.857008, 14934, 'disk')
(9962, 53.284063, -27.856476, 31811, 'disk')
(9959, 53.278039, -27.856453, 5533, 'disk')
(9960, 53.268575, -27.856291, 10270, 'disk')
(10959, 53.259878, -27.856179, 9266, 'disk')
(10195, 53.086264, -27.861724, 0, 'manual')
(11095, 53.089744, -27.859254, 0, 'manual')
(11770, 53.078270, -27.856894, 0, 'manual')
(11771, 53.292235, -27.856911, 0, 'manual') 
(11979, 53.14985, -27.855088, 5501, 'disk')
(10922, 53.270545, -27.854993, 14442, 'disk')
(11946, 53.151566, -27.854885, 5781, 'disk')
(12553, 53.127837, -27.852524, 5094, 'ps_compact')
(10820, 53.23128, -27.851771, 23281, 'ps_compact')
(12804, 53.229094, -27.850851, 5561, 'ps_compact')
(12789, 53.26751, -27.850783, 5130, 'spheroid')
(12358, 53.136388, -27.850694, 10065, 'spheroid')
(12844, 53.125364, -27.850071, 7245, 'spheroid')
(13172, 53.210319, -27.849991, 5660, 'ps_compact')
(11752, 53.074454, -27.849796, 19463, 'disk')
(13531, 53.122342, -27.846867, 7957, 'spheroid')
(13396, 53.287901, -27.846555, 33146, 'ps_compact')
(14335, 53.102045, -27.846122, 2139, 'irregular')
(12720, 53.286891, -27.84607, 5972, 'disk')
(12009, 53.064041, -27.845823, 21852, 'spheroid')
(12252, 53.263367, -27.844816, 54759, 'spheroid')
(13181, 53.291829, -27.845382, 7159, 'disk')
(13298, 53.293556, -27.850431, 0, 'manual')
(13421, 53.282401, -27.849335, 0, 'manual')
(13904, 53.273392, -27.847811, 0, 'manual') 
(14287, 53.137695, -27.845403, 2352, 'irregular')
(14380, 53.279751, -27.843428, 0, 'manual')
(14391, 53.169946, -27.843089,  0, 'manual')
(14729, 53.063634, -27.844231, 4133, 'irregular')
(14734, 53.262709, -27.843946, 7260, 'disk')
(14760, 53.156655, -27.843272, 0, 'manual')
(12821, 53.117245, -27.843026, 5775, 'disk')
(13986, 53.28406, -27.842554, 15450, 'disk')
(14360, 53.276056, -27.842186, 7047, 'disk')
(15007, 53.119337, -27.841455, 5753, 'ps_compact')
(15280, 53.201216, -27.841362, 0, 'manual')
(14880, 53.266111, -27.840591, 5226, 'irregular')
(14733, 53.176791, -27.840344, 7544, 'disk')
(15553, 53.023866, -27.837294, 5804, 'ps_compact')
(15787, 53.034165, -27.837125, 5734, 'ps_compact')
(15860, 53.227774, -27.835584, 6383, 'ps_compact')
(15964, 53.062369, -27.834835, 5931, 'disk')
(16493, 53.077159, -27.832741, 7383, 'spheroid')
(16635, 53.161753, -27.832289, 8090, 'disk')
(16569, 53.211351, -27.835293, 0, 'manual')
(16844, 53.075136, -27.831413, 6457, 'spheroid')
(16742, 53.05773, -27.83074, 5761, 'disk')
(16716, 53.054227, -27.829493, 12274, 'spheroid')
(17786, 53.132383, -27.829321, 2058, 'irregular')
(17034, 53.131084, -27.829226, 14244, 'disk')
(15773, 53.136106, -27.829025, 18124, 'disk')
(16090, 53.274593, -27.836863, 0, 'manual') 
(16948, 53.066549, -27.828708, 6246, 'disk')
(17212, 53.107259, -27.82676, 8856, 'disk')
(17223, 53.067327, -27.828268, 5071, 'disk')
(17800, 53.188110, -27.827759, 0, 'manual')
(17928, 53.150729, -27.825506, 4235, 'irregular')
(17710, 53.09305, -27.823794, 9391, 'ps_compact')
(17979, 53.071068, -27.822734, 11010, 'spheroid')
(18117, 53.072496, -27.822428, 10784, 'disk')
(18398, 53.202053, -27.826362, 0, 'manual')
(18648, 53.186264, 	-27.822994, 0, 'manual')
(19148, 53.164983, -27.819326, 8283, 'spheroid')
(19186, 53.12075, -27.818984, 7165, 'disk')
(20356, 53.17117, -27.814708, 5789, 'disk')
(20331, 53.084284, -27.814033, 5702, 'disk')
(19146, 53.143835, -27.813467, 18106, 'disk')
(20254, 53.163171, -27.812405, 14929, 'disk')
(20271, 53.210311, -27.810579, 2559, 'irregular')
(21604, 53.078129, -27.809464, 1924, 'irregular')
(19185, 53.234728, -27.809371, 41347, 'disk')
(21381, 53.221859, -27.809306, 2905, 'irregular')
(21600, 53.210499, -27.809252, 10714, 'ps_compact')
(21466, 53.210201, -27.809185, 39217, 'ps_compact')
(21644, 53.222727, -27.8082, 5614, 'ps_compact')
(19459, 53.205787, -27.807826, 14694, 'disk')
(21978, 53.185141, -27.805275, 8169, 'spheroid')
(21832, 53.047888, -27.80434, 17018, 'spheroid')
(21703, 53.103871, -27.804071, 17429, 'disk')
(22113, 53.137538, -27.808167, 0, 'manual')
(22800, 53.118015, -27.802061, 6427, 'ps_compact')
(23102, 53.148965, -27.799671, 12436, 'spheroid')
(23322, 53.176802, -27.799653, 6646, 'ps_compact')
(23237, 53.163407, -27.799544, 9617, 'spheroid')
(21890, 53.174773, -27.799323, 10413, 'disk')
(24110, 53.16689, -27.798732, 4674, 'irregular')
(24457, 53.034172, -27.797809, 2460, 'irregular')
(24027, 53.070081, -27.797599, 2006, 'irregular')
(24763, 53.15161, -27.796426, 2155, 'irregular')
(24435, 53.158356, -27.794918, 7364, 'ps_compact')
(25142, 53.18781, -27.794046, 2147, 'irregular')
(25632, 53.154635, -27.793238, 2481, 'irregular')
(25053, 53.172516, -27.788097, 0, 'manual')
(25081, 53.031871, -27.792077, 7061, 'ps_compact')
(25091, 53.03609, -27.792884, 14506, 'ps_compact')
(24622, 53.155441, -27.791487, 25729, 'spheroid')
(25757, 53.040118, -27.791, 6385, 'ps_compact')
(25172, 53.186935, -27.79099, 10672, 'disk')
(25787, 53.154043, -27.790901, 2132, 'irregular')
(26175, 53.153718, -27.790601, 2284, 'irregular')
(24896, 53.220925, -27.789647, 2294, 'irregular')
(26138, 53.074757, -27.789301, 11076, 'spheroid')
(25527, 53.22269, -27.788947, 15711, 'ps_compact')
(24878, 53.075057, -27.788484, 16528, 'spheroid')
(25053, 53.172516, -27.788097, 18875, 'spheroid')
(26264, 53.234515, -27.787834, 5759, 'spheroid')
(26402, 53.065873, -27.787109, 6742, 'spheroid')
(26915, 53.165159, -27.785866, 5967, 'spheroid')
(27438, 53.193929, -27.785795, 5104, 'disk')
(26914, 53.121724, -27.785436, 7890, 'spheroid')
(25622, 53.026201, -27.785397, 6387, 'disk')
(27563, 53.103587, -27.7851, 3099, 'irregular')
(27231, 53.160341, -27.784005, 7737, 'disk')
(27734, 53.098442, -27.782379, 6399, 'ps_compact')
(28445, 53.158163, -27.781091, 2864, 'irregular')
(27965, 53.161624, -27.780244, 8999, 'spheroid')
(28098, 53.03555, -27.780078, 17262, 'disk')
(28876, 53.185099, -27.778275, 0, 'manual')
(28878, 53.155643, -27.779271, 2035, 'irregular')
(28888, 53.11662, -27.777566, 6310, 'disk')
(28660, 53.133486, -27.77581, 16466, 'ps_compact')
(29686, 53.151791, -27.775507, 1964, 'irregular')
(29048, 53.162354, -27.775057, 5049, 'disk')
(29694, 53.074337, -27.77441, 5780, 'ps_compact')
(28567, 53.202663, -27.773939, 20502, 'disk')
(27837, 53.218217, -27.773935, 31184, 'ps_compact')
(29845, 53.169936, -27.771022, 8627, 'disk')
(29861, 53.161960, -27.773905, 0, 'manual')
(29928, 53.154965, -27.768904, 15558, 'spheroid')
(29723, 53.136743, -27.768815, 8716, 'disk')
(30210, 53.209585, -27.768447, 9692, 'disk')
(30285, 53.152557, -27.769512, 0, 'manual')
(30534, 53.165566, -27.76979, 6242, 'disk')
(30598, 53.182572, -27.768167, 7333, 'ps_compact')
(30932, 53.015232, -27.767687, 6001, 'disk')
(30922, 53.114933, -27.767558, 6613, 'disk')
(30918, 53.190102, -27.765202, 5531, 'disk')
(31463, 53.142465, -27.764939, 2179, 'irregular')
(31348, 53.201781, -27.764067, 5801, 'disk')
(30997, 53.136301, -27.763184, 5481, 'spheroid')
(31666, 53.026023, -27.761838, 6581, 'ps_compact')
(31801, 53.1879, -27.761552, 8743, 'disk')
(31553, 53.183689, -27.761505, 12195, 'spheroid')
(31071, 53.060112, -27.761304, 7712, 'disk')
(31564, 53.076826, -27.760171, 10638, 'spheroid')
(32648, 53.134092, -27.7597, 5165, 'disk')
(32104, 53.083116, -27.759395, 7196, 'ps_compact')
(32824, 53.0785, -27.759384, 3175, 'irregular')
(32478, 53.050818, -27.75835, 6378, 'spheroid')
(31165, 53.078519, -27.758097, 23370, 'spheroid')
(33287, 53.12525, -27.756548, 2672, 'irregular')
(31816, 53.221139, -27.755203, 24250, 'disk')
(33471, 53.127374, -27.755074, 5423, 'disk')
(32153, 53.0176, -27.7545, 24573, 'spheroid')
(34176, 53.043503, -27.752041, 11169, 'ps_compact')
(34044, 53.043618, -27.751487, 11373, 'ps_compact')
(34397, 53.180042, -27.749168, 6436, 'disk')
(35233, 53.079913, -27.7462, 3058, 'irregular')
(34673, 53.040726, -27.745118, 14477, 'disk')
(35955, 53.088837, -27.743435, 10888, 'spheroid')
(35028, 53.205029, -27.743319, 6254, 'disk')
(35205, 53.131052, -27.74305, 7154, 'ps_compact')
(35949, 53.087889, -27.742749, 1939, 'irregular')
(35658, 53.11502, -27.741968, 7100, 'disk')
(35701, 53.113748, -27.741303, 7463, 'disk')
(35533, 53.118089, -27.740624, 11242, 'disk')
(35266, 53.124463, -27.740167, 71510, 'disk')
(35584, 53.033947, -27.738238, 12237, 'ps_compact')
(35688, 53.113268, -27.73791, 13420, 'spheroid')
(35492, 53.123955, -27.737301, 5743, 'disk')
(36602, 53.163258, -27.738457, 0, 'manual') 
(36854, 53.147711, -27.739196, 0, 'manual')
(36968, 53.122754, -27.7354, 5566, 'disk')
(36313, 53.186638, -27.735071, 15971, 'spheroid')
(36794, 53.058141, -27.734958, 6364, 'ps_compact')
(35265, 53.124951, -27.734681, 45350, 'disk')
(37542, 53.117831, -27.734305, 2317, 'irregular')
(36224, 53.104561, -27.734216, 17401, 'disk')
(36183, 53.120075, -27.732122, 42278, 'spheroid')
(37162, 53.157137, -27.737870, 0, 'manual')
(37586, 53.180979, -27.731911, 5846, 'disk')
(37739, 53.1431, -27.730582, 6229, 'spheroid')
(37720, 53.139106, -27.730305, 7633, 'disk')
(38092, 53.125091, -27.729803, 10946, 'disk')
(38898, 53.18766, -27.725382, 10330, 'disk')
(38786, 53.106111, -27.72432, 10074, 'spheroid')
(40255, 53.125281, -27.721939, 2054, 'irregular')
(39376, 53.151773,  -27.727324, 0, 'manual')
(39806, 53.169816, -27.721778, 7894, 'ps_compact')
(39764, 53.042954, -27.721406, 8293, 'disk')
(38237, 53.139407, -27.720213, 74189, 'disk')
(38396, 53.01129, -27.719672, 31118, 'spheroid')
(40624, 53.042755, -27.718565, 12717, 'ps_compact')
(39706, 53.043265, -27.716905, 10725, 'spheroid')
(40504, 53.163209, -27.716049, 16562, 'spheroid')
(42107, 53.041375, -27.713968, 3195, 'irregular')
(42149, 53.041638, -27.713368, 2224, 'irregular')
(40985, 53.040434, -27.713363, 11272, 'spheroid')
(41179, 53.178159, -27.717494, 0, 'manual')
(41898, 53.055124, -27.711378, 7687, 'spheroid')
(42194, 53.003782, -27.711371, 7734, 'disk')
(42398, 53.176496, -27.710557, 7924, 'spheroid')
(42037, 53.044826, -27.709617, 16652, 'disk')
(42958, 53.119303, -27.709312, 2238, 'irregular')
(42153, 53.076298, -27.709309, 6642, 'spheroid')
(42201, 53.047132, -27.709053, 6198, 'disk')
(43084, 53.096056, -27.707294, 2387, 'irregular')
(41730, 53.167702, -27.706629, 53358, 'ps_compact')
(43860, 53.167564, -27.706226, 13004, 'ps_compact')
(42185, 53.138362, -27.705886, 12429, 'ps_compact')
(43864, 53.197576, -27.705616, 5054, 'disk')
(43416, 53.035543, -27.704933, 7020, 'spheroid')
(43401, 53.139903, -27.704769, 5451, 'ps_compact')
(43811, 53.081153, -27.704676, 6086, 'spheroid')
(42000, 53.057515, -27.703792, 24229, 'ps_compact')
(42036, 53.194752, -27.703234, 77839, 'disk')
(44228, 53.131804, -27.702215, 9474, 'ps_compact')
(43727, 53.130462, -27.701639, 3341, 'irregular')
(44783, 53.113641, -27.701446, 2340, 'irregular')
(44598, 53.134724, -27.700734, 7515, 'ps_compact')
(44796, 53.011321, -27.700515, 2212, 'irregular')
(45378, 53.133653, -27.698659, 2072, 'irregular')
(44934, 53.190002, -27.697599, 8191, 'spheroid')
(45600, 53.070100, -27.697017, 0, 'manually added')
(45816, 53.259661, -27.694152, 9502, 'spheroid')
(44412, 53.190507, -27.703607, 0, 'manual')
(44451, 53.084435, -27.692323, 15166, 'disk')
(46001, 53.120312, -27.691486, 5433, 'spheroid')
(46095, 53.101069, -27.690672, 11242, 'spheroid')
(45975, 53.155749, -27.69062, 8482, 'spheroid')
(46356, 53.258162, -27.690543, 17550, 'ps_compact')
(46636, 53.155337, -27.69051, 6106, 'spheroid')
(46922, 53.258087, -27.690345, 13323, 'ps_compact')
(46518, 53.156712, -27.689657, 1953, 'irregular')
(46278, 53.082531, -27.689651, 9491, 'disk')
(46189, 53.278761, -27.689161, 7833, 'ps_compact')
(46811, 53.103003, -27.689006, 5490, 'disk')
(46846, 53.13743, -27.688071, 7122, 'disk')
(47035, 53.257707, -27.687286, 1987, 'irregular')
(47283, 53.133299, -27.688828, 0, 'manual')
(47262, 53.185126, -27.685583, 5148, 'disk')
(47002, 53.132783, -27.684872, 8877, 'ps_compact')
(47157, 53.112522, -27.684723, 6721, 'ps_compact')
(46386, 53.265632, -27.683509, 25695, 'disk')
(48039, 53.267771, -27.683074, 2609, 'irregular')
(47691, 53.273156, -27.681599, 7074, 'spheroid')
(48631, 53.125876, -27.679112, 5190, 'disk')
(48597, 53.138076, -27.677494, 5242, 'ps_compact')
(49063, 53.267821, -27.677227, 3173, 'irregular')
(47580, 53.268594, -27.675547, 63840, 'ps_compact')
(49215, 53.157122, -27.67488, 6319, 'ps_compact')
(48879, 53.271339, -27.674313, 8383, 'disk')
(49612, 53.241511, -27.673216, 1942, 'irregular')
(49427, 53.150435, -27.668146, 15114, 'ps_compact')
(49971, 53.144752, -27.665948, 9318, 'disk')
(50131, 53.17494, -27.663682, 11989, 'disk')
(50435, 53.168262, -27.663544, 6124, 'disk')
